0.000000000000000000e+00
0.000000000000000000e+00
0.000000000000000000e+00
0.000000000000000000e+00
0.000000000000000000e+00
0.000000000000000000e+00
0.000000000000000000e+00
0.000000000000000000e+00
0.000000000000000000e+00
0.000000000000000000e+00
0.000000000000000000e+00
3.954316985437243986e-15
3.954316985437243986e-15
3.954316985437243986e-15
3.954316985437243986e-15
3.954316985437243986e-15
3.954316985437243986e-15
3.954316985437243986e-15
3.954316985437243986e-15
0.000000000000000000e+00
0.000000000000000000e+00
3.594604725458693046e-15
3.594604725458693046e-15
3.594604725458693046e-15
3.594604725458693046e-15
3.594604725458693046e-15
3.594604725458693046e-15
3.594604725458693046e-15
3.594604725458693046e-15
0.000000000000000000e+00
0.000000000000000000e+00
3.594604725458693046e-15
3.594604725458693046e-15
3.594604725458693046e-15
3.594604725458693046e-15
3.594604725458693046e-15
3.594604725458693046e-15
3.594604725458693046e-15
3.594604725458693046e-15
0.000000000000000000e+00
0.000000000000000000e+00
3.594604725458693046e-15
3.594604725458693046e-15
3.594604725458693046e-15
3.594604725458693046e-15
3.594604725458693046e-15
3.594604725458693046e-15
3.594604725458693046e-15
3.594604725458693046e-15
0.000000000000000000e+00
0.000000000000000000e+00
3.594604725458693046e-15
3.594604725458693046e-15
3.594604725458693046e-15
3.594604725458693046e-15
3.594604725458693046e-15
3.594604725458693046e-15
3.594604725458693046e-15
3.594604725458693046e-15
0.000000000000000000e+00
0.000000000000000000e+00
3.594604725458693046e-15
3.594604725458693046e-15
3.594604725458693046e-15
3.594604725458693046e-15
3.594604725458693046e-15
3.594604725458693046e-15
3.594604725458693046e-15
3.594604725458693046e-15
0.000000000000000000e+00
0.000000000000000000e+00
3.594604725458693046e-15
3.594604725458693046e-15
3.594604725458693046e-15
3.594604725458693046e-15
3.594604725458693046e-15
3.594604725458693046e-15
3.594604725458693046e-15
3.594604725458693046e-15
0.000000000000000000e+00
0.000000000000000000e+00
3.594604725458693046e-15
3.594604725458693046e-15
3.594604725458693046e-15
3.594604725458693046e-15
3.594604725458693046e-15
3.594604725458693046e-15
3.594604725458693046e-15
3.594604725458693046e-15
0.000000000000000000e+00
0.000000000000000000e+00
0.000000000000000000e+00
0.000000000000000000e+00
0.000000000000000000e+00
0.000000000000000000e+00
0.000000000000000000e+00
0.000000000000000000e+00
0.000000000000000000e+00
0.000000000000000000e+00
0.000000000000000000e+00
2.000000000000000000e+01
2.000000000000000000e+01
2.000000000000000000e+01
2.000000000000000000e+01
2.000000000000000000e+01
2.000000000000000000e+01
2.000000000000000000e+01
2.000000000000000000e+01
2.000000000000000000e+01
2.000000000000000000e+01
2.220446049250313081e-16
5.838550935092667502e-16
5.838550935092667502e-16
5.838550935092667502e-16
5.838550935092667502e-16
5.838550935092667502e-16
5.838550935092667502e-16
5.838550935092667502e-16
5.838550935092667502e-16
2.220446049250313081e-16
2.220446049250313081e-16
2.241428335307160567e-16
2.241428335307160567e-16
2.241428335307160567e-16
2.241428335307160567e-16
2.241428335307160567e-16
2.241428335307160567e-16
2.241428335307160567e-16
2.241428335307160567e-16
2.220446049250313081e-16
2.220446049250313081e-16
2.241428335307160567e-16
2.241428335307160567e-16
2.241428335307160567e-16
2.241428335307160567e-16
2.241428335307160567e-16
2.241428335307160567e-16
2.241428335307160567e-16
2.241428335307160567e-16
2.220446049250313081e-16
2.220446049250313081e-16
2.241428335307160567e-16
2.241428335307160567e-16
2.241428335307160567e-16
2.241428335307160567e-16
2.241428335307160567e-16
2.241428335307160567e-16
2.241428335307160567e-16
2.241428335307160567e-16
2.220446049250313081e-16
2.220446049250313081e-16
2.241428335307160567e-16
2.241428335307160567e-16
2.241428335307160567e-16
2.241428335307160567e-16
2.241428335307160567e-16
2.241428335307160567e-16
2.241428335307160567e-16
2.241428335307160567e-16
2.220446049250313081e-16
2.220446049250313081e-16
2.241428335307160567e-16
2.241428335307160567e-16
2.241428335307160567e-16
2.241428335307160567e-16
2.241428335307160567e-16
2.241428335307160567e-16
2.241428335307160567e-16
2.241428335307160567e-16
2.220446049250313081e-16
2.220446049250313081e-16
2.241428335307160567e-16
2.241428335307160567e-16
2.241428335307160567e-16
2.241428335307160567e-16
2.241428335307160567e-16
2.241428335307160567e-16
2.241428335307160567e-16
2.241428335307160567e-16
2.220446049250313081e-16
2.220446049250313081e-16
2.241428335307160567e-16
2.241428335307160567e-16
2.241428335307160567e-16
2.241428335307160567e-16
2.241428335307160567e-16
2.241428335307160567e-16
2.241428335307160567e-16
2.241428335307160567e-16
2.220446049250313081e-16
1.000000000000000000e+01
1.000000000000000000e+01
1.000000000000000000e+01
1.000000000000000000e+01
1.000000000000000000e+01
1.000000000000000000e+01
1.000000000000000000e+01
1.000000000000000000e+01
1.000000000000000000e+01
1.000000000000000000e+01
2.000000000000000000e+01
2.000000000000000000e+01
2.000000000000000000e+01
2.000000000000000000e+01
2.000000000000000000e+01
2.000000000000000000e+01
2.000000000000000000e+01
2.000000000000000000e+01
2.000000000000000000e+01
2.000000000000000000e+01
2.220446049250313081e-16
-3.372326984021921207e-15
-3.372326984021921207e-15
-3.372326984021921207e-15
-3.372326984021921207e-15
-3.372326984021921207e-15
-3.372326984021921207e-15
-3.372326984021921207e-15
-3.372326984021921207e-15
2.220446049250313081e-16
2.220446049250313081e-16
-3.372326984021921207e-15
-3.372326984021921207e-15
-3.372326984021921207e-15
-3.372326984021921207e-15
-3.372326984021921207e-15
-3.372326984021921207e-15
-3.372326984021921207e-15
-3.372326984021921207e-15
2.220446049250313081e-16
2.220446049250313081e-16
-3.372326984021921207e-15
-3.372326984021921207e-15
-3.372326984021921207e-15
-3.372326984021921207e-15
-3.372326984021921207e-15
-3.372326984021921207e-15
-3.372326984021921207e-15
-3.372326984021921207e-15
2.220446049250313081e-16
2.220446049250313081e-16
-3.372326984021921207e-15
-3.372326984021921207e-15
-3.372326984021921207e-15
-3.372326984021921207e-15
-3.372326984021921207e-15
-3.372326984021921207e-15
-3.372326984021921207e-15
-3.372326984021921207e-15
2.220446049250313081e-16
2.220446049250313081e-16
-3.372326984021921207e-15
-3.372326984021921207e-15
-3.372326984021921207e-15
-3.372326984021921207e-15
-3.372326984021921207e-15
-3.372326984021921207e-15
-3.372326984021921207e-15
-3.372326984021921207e-15
2.220446049250313081e-16
2.220446049250313081e-16
-3.372326984021921207e-15
-3.372326984021921207e-15
-3.372326984021921207e-15
-3.372326984021921207e-15
-3.372326984021921207e-15
-3.372326984021921207e-15
-3.372326984021921207e-15
-3.372326984021921207e-15
2.220446049250313081e-16
2.220446049250313081e-16
-3.372326984021921207e-15
-3.372326984021921207e-15
-3.372326984021921207e-15
-3.372326984021921207e-15
-3.372326984021921207e-15
-3.372326984021921207e-15
-3.372326984021921207e-15
-3.372326984021921207e-15
2.220446049250313081e-16
2.220446049250313081e-16
-3.372326984021921207e-15
-3.372326984021921207e-15
-3.372326984021921207e-15
-3.372326984021921207e-15
-3.372326984021921207e-15
-3.372326984021921207e-15
-3.372326984021921207e-15
-3.372326984021921207e-15
2.220446049250313081e-16
1.000000000000000000e+01
1.000000000000000000e+01
1.000000000000000000e+01
1.000000000000000000e+01
1.000000000000000000e+01
1.000000000000000000e+01
1.000000000000000000e+01
1.000000000000000000e+01
1.000000000000000000e+01
1.000000000000000000e+01
2.000000000000000000e+01
2.000000000000000000e+01
2.000000000000000000e+01
2.000000000000000000e+01
2.000000000000000000e+01
2.000000000000000000e+01
2.000000000000000000e+01
2.000000000000000000e+01
2.000000000000000000e+01
2.000000000000000000e+01
2.220446049250313081e-16
2.200279740984554840e-16
2.200279740984554840e-16
2.200279740984554840e-16
2.200279740984554840e-16
2.200279740984554840e-16
2.200279740984554840e-16
2.200279740984554840e-16
2.200279740984554840e-16
2.220446049250313081e-16
2.220446049250313081e-16
2.200279740984554840e-16
2.200279740984554840e-16
2.200279740984554840e-16
2.200279740984554840e-16
2.200279740984554840e-16
2.200279740984554840e-16
2.200279740984554840e-16
2.200279740984554840e-16
2.220446049250313081e-16
2.220446049250313081e-16
2.200279740984554840e-16
2.200279740984554840e-16
2.200279740984554840e-16
2.200279740984554840e-16
2.200279740984554840e-16
2.200279740984554840e-16
2.200279740984554840e-16
2.200279740984554840e-16
2.220446049250313081e-16
2.220446049250313081e-16
2.200279740984554840e-16
2.200279740984554840e-16
2.200279740984554840e-16
2.200279740984554840e-16
2.200279740984554840e-16
2.200279740984554840e-16
2.200279740984554840e-16
2.200279740984554840e-16
2.220446049250313081e-16
2.220446049250313081e-16
2.200279740984554840e-16
2.200279740984554840e-16
2.200279740984554840e-16
2.200279740984554840e-16
2.200279740984554840e-16
2.200279740984554840e-16
2.200279740984554840e-16
2.200279740984554840e-16
2.220446049250313081e-16
2.220446049250313081e-16
2.200279740984554840e-16
2.200279740984554840e-16
2.200279740984554840e-16
2.200279740984554840e-16
2.200279740984554840e-16
2.200279740984554840e-16
2.200279740984554840e-16
2.200279740984554840e-16
2.220446049250313081e-16
2.220446049250313081e-16
2.200279740984554840e-16
2.200279740984554840e-16
2.200279740984554840e-16
2.200279740984554840e-16
2.200279740984554840e-16
2.200279740984554840e-16
2.200279740984554840e-16
2.200279740984554840e-16
2.220446049250313081e-16
2.220446049250313081e-16
2.200279740984554840e-16
2.200279740984554840e-16
2.200279740984554840e-16
2.200279740984554840e-16
2.200279740984554840e-16
2.200279740984554840e-16
2.200279740984554840e-16
2.200279740984554840e-16
2.220446049250313081e-16
1.000000000000000000e+01
1.000000000000000000e+01
1.000000000000000000e+01
1.000000000000000000e+01
1.000000000000000000e+01
1.000000000000000000e+01
1.000000000000000000e+01
1.000000000000000000e+01
1.000000000000000000e+01
1.000000000000000000e+01
2.000000000000000000e+01
2.000000000000000000e+01
2.000000000000000000e+01
2.000000000000000000e+01
2.000000000000000000e+01
2.000000000000000000e+01
2.000000000000000000e+01
2.000000000000000000e+01
2.000000000000000000e+01
2.000000000000000000e+01
2.220446049250313081e-16
2.218492365281925479e-16
2.218492365281925479e-16
2.218492365281925479e-16
2.218492365281925479e-16
2.218492365281925479e-16
2.218492365281925479e-16
2.218492365281925479e-16
2.218492365281925479e-16
2.220446049250313081e-16
2.220446049250313081e-16
2.218492365281925726e-16
2.218492365281925726e-16
2.218492365281925726e-16
2.218492365281925726e-16
2.218492365281925726e-16
2.218492365281925726e-16
2.218492365281925726e-16
2.218492365281925726e-16
2.220446049250313081e-16
2.220446049250313081e-16
2.218492365281925726e-16
2.218492365281925726e-16
2.218492365281925726e-16
2.218492365281925726e-16
2.218492365281925726e-16
2.218492365281925726e-16
2.218492365281925726e-16
2.218492365281925726e-16
2.220446049250313081e-16
2.220446049250313081e-16
2.218492365281925726e-16
2.218492365281925726e-16
2.218492365281925726e-16
2.218492365281925726e-16
2.218492365281925726e-16
2.218492365281925726e-16
2.218492365281925726e-16
2.218492365281925726e-16
2.220446049250313081e-16
2.220446049250313081e-16
2.218492365281925726e-16
2.218492365281925726e-16
2.218492365281925726e-16
2.218492365281925726e-16
2.218492365281925726e-16
2.218492365281925726e-16
2.218492365281925726e-16
2.218492365281925726e-16
2.220446049250313081e-16
2.220446049250313081e-16
2.218492365281925726e-16
2.218492365281925726e-16
2.218492365281925726e-16
2.218492365281925726e-16
2.218492365281925726e-16
2.218492365281925726e-16
2.218492365281925726e-16
2.218492365281925726e-16
2.220446049250313081e-16
2.220446049250313081e-16
2.218492365281925726e-16
2.218492365281925726e-16
2.218492365281925726e-16
2.218492365281925726e-16
2.218492365281925726e-16
2.218492365281925726e-16
2.218492365281925726e-16
2.218492365281925726e-16
2.220446049250313081e-16
2.220446049250313081e-16
2.218492365281925726e-16
2.218492365281925726e-16
2.218492365281925726e-16
2.218492365281925726e-16
2.218492365281925726e-16
2.218492365281925726e-16
2.218492365281925726e-16
2.218492365281925726e-16
2.220446049250313081e-16
1.000000000000000000e+01
1.000000000000000000e+01
1.000000000000000000e+01
1.000000000000000000e+01
1.000000000000000000e+01
1.000000000000000000e+01
1.000000000000000000e+01
1.000000000000000000e+01
1.000000000000000000e+01
1.000000000000000000e+01
2.000000000000000000e+01
2.000000000000000000e+01
2.000000000000000000e+01
2.000000000000000000e+01
2.000000000000000000e+01
2.000000000000000000e+01
2.000000000000000000e+01
2.000000000000000000e+01
2.000000000000000000e+01
2.000000000000000000e+01
2.220446049250313081e-16
2.219835231589553262e-16
2.219835231589553262e-16
2.219835231589553262e-16
2.219835231589553262e-16
2.219835231589553262e-16
2.219835231589553262e-16
2.219835231589553262e-16
2.219835231589553262e-16
2.220446049250313081e-16
2.220446049250313081e-16
2.219835231589553262e-16
2.219835231589553262e-16
2.219835231589553262e-16
2.219835231589553262e-16
2.219835231589553262e-16
2.219835231589553262e-16
2.219835231589553262e-16
2.219835231589553262e-16
2.220446049250313081e-16
2.220446049250313081e-16
2.219835231589553262e-16
2.219835231589553262e-16
2.219835231589553262e-16
2.219835231589553262e-16
2.219835231589553262e-16
2.219835231589553262e-16
2.219835231589553262e-16
2.219835231589553262e-16
2.220446049250313081e-16
2.220446049250313081e-16
2.219835231589553262e-16
2.219835231589553262e-16
2.219835231589553262e-16
2.219835231589553262e-16
2.219835231589553262e-16
2.219835231589553262e-16
2.219835231589553262e-16
2.219835231589553262e-16
2.220446049250313081e-16
2.220446049250313081e-16
2.219835231589553262e-16
2.219835231589553262e-16
2.219835231589553262e-16
2.219835231589553262e-16
2.219835231589553262e-16
2.219835231589553262e-16
2.219835231589553262e-16
2.219835231589553262e-16
2.220446049250313081e-16
2.220446049250313081e-16
2.219835231589553262e-16
2.219835231589553262e-16
2.219835231589553262e-16
2.219835231589553262e-16
2.219835231589553262e-16
2.219835231589553262e-16
2.219835231589553262e-16
2.219835231589553262e-16
2.220446049250313081e-16
2.220446049250313081e-16
2.219835231589553262e-16
2.219835231589553262e-16
2.219835231589553262e-16
2.219835231589553262e-16
2.219835231589553262e-16
2.219835231589553262e-16
2.219835231589553262e-16
2.219835231589553262e-16
2.220446049250313081e-16
2.220446049250313081e-16
2.219835231589553262e-16
2.219835231589553262e-16
2.219835231589553262e-16
2.219835231589553262e-16
2.219835231589553262e-16
2.219835231589553262e-16
2.219835231589553262e-16
2.219835231589553262e-16
2.220446049250313081e-16
1.000000000000000000e+01
1.000000000000000000e+01
1.000000000000000000e+01
1.000000000000000000e+01
1.000000000000000000e+01
1.000000000000000000e+01
1.000000000000000000e+01
1.000000000000000000e+01
1.000000000000000000e+01
1.000000000000000000e+01
2.000000000000000000e+01
2.000000000000000000e+01
2.000000000000000000e+01
2.000000000000000000e+01
2.000000000000000000e+01
2.000000000000000000e+01
2.000000000000000000e+01
2.000000000000000000e+01
2.000000000000000000e+01
2.000000000000000000e+01
2.220446049250313081e-16
2.220192073189156247e-16
2.220192073189156247e-16
2.220192073189156247e-16
2.220192073189156247e-16
2.220192073189156247e-16
2.220192073189156247e-16
2.220192073189156247e-16
2.220192073189156247e-16
2.220446049250313081e-16
2.220446049250313081e-16
2.220192073189156247e-16
2.220192073189156247e-16
2.220192073189156247e-16
2.220192073189156247e-16
2.220192073189156247e-16
2.220192073189156247e-16
2.220192073189156247e-16
2.220192073189156247e-16
2.220446049250313081e-16
2.220446049250313081e-16
2.220192073189156247e-16
2.220192073189156247e-16
2.220192073189156247e-16
2.220192073189156247e-16
2.220192073189156247e-16
2.220192073189156247e-16
2.220192073189156247e-16
2.220192073189156247e-16
2.220446049250313081e-16
2.220446049250313081e-16
2.220192073189156247e-16
2.220192073189156247e-16
2.220192073189156247e-16
2.220192073189156247e-16
2.220192073189156247e-16
2.220192073189156247e-16
2.220192073189156247e-16
2.220192073189156247e-16
2.220446049250313081e-16
2.220446049250313081e-16
2.220192073189156247e-16
2.220192073189156247e-16
2.220192073189156247e-16
2.220192073189156247e-16
2.220192073189156247e-16
2.220192073189156247e-16
2.220192073189156247e-16
2.220192073189156247e-16
2.220446049250313081e-16
2.220446049250313081e-16
2.220192073189156247e-16
2.220192073189156247e-16
2.220192073189156247e-16
2.220192073189156247e-16
2.220192073189156247e-16
2.220192073189156247e-16
2.220192073189156247e-16
2.220192073189156247e-16
2.220446049250313081e-16
2.220446049250313081e-16
2.220192073189156247e-16
2.220192073189156247e-16
2.220192073189156247e-16
2.220192073189156247e-16
2.220192073189156247e-16
2.220192073189156247e-16
2.220192073189156247e-16
2.220192073189156247e-16
2.220446049250313081e-16
2.220446049250313081e-16
2.220192073189156247e-16
2.220192073189156247e-16
2.220192073189156247e-16
2.220192073189156247e-16
2.220192073189156247e-16
2.220192073189156247e-16
2.220192073189156247e-16
2.220192073189156247e-16
2.220446049250313081e-16
1.000000000000000000e+01
1.000000000000000000e+01
1.000000000000000000e+01
1.000000000000000000e+01
1.000000000000000000e+01
1.000000000000000000e+01
1.000000000000000000e+01
1.000000000000000000e+01
1.000000000000000000e+01
1.000000000000000000e+01
2.000000000000000000e+01
2.000000000000000000e+01
2.000000000000000000e+01
2.000000000000000000e+01
2.000000000000000000e+01
2.000000000000000000e+01
2.000000000000000000e+01
2.000000000000000000e+01
2.000000000000000000e+01
2.000000000000000000e+01
2.220446049250313081e-16
2.202486235331640090e-16
2.202486235331640090e-16
2.202486235331640090e-16
2.202486235331640090e-16
2.202486235331640090e-16
2.202486235331640090e-16
2.202486235331640090e-16
2.202486235331640090e-16
2.220446049250313081e-16
2.220446049250313081e-16
2.202486235331639844e-16
2.202486235331639844e-16
2.202486235331639844e-16
2.202486235331639844e-16
2.202486235331639844e-16
2.202486235331639844e-16
2.202486235331639844e-16
2.202486235331639844e-16
2.220446049250313081e-16
2.220446049250313081e-16
2.202486235331639844e-16
2.202486235331639844e-16
2.202486235331639844e-16
2.202486235331639844e-16
2.202486235331639844e-16
2.202486235331639844e-16
2.202486235331639844e-16
2.202486235331639844e-16
2.220446049250313081e-16
2.220446049250313081e-16
2.202486235331639844e-16
2.202486235331639844e-16
2.202486235331639844e-16
2.202486235331639844e-16
2.202486235331639844e-16
2.202486235331639844e-16
2.202486235331639844e-16
2.202486235331639844e-16
2.220446049250313081e-16
2.220446049250313081e-16
2.202486235331639844e-16
2.202486235331639844e-16
2.202486235331639844e-16
2.202486235331639844e-16
2.202486235331639844e-16
2.202486235331639844e-16
2.202486235331639844e-16
2.202486235331639844e-16
2.220446049250313081e-16
2.220446049250313081e-16
2.202486235331639844e-16
2.202486235331639844e-16
2.202486235331639844e-16
2.202486235331639844e-16
2.202486235331639844e-16
2.202486235331639844e-16
2.202486235331639844e-16
2.202486235331639844e-16
2.220446049250313081e-16
2.220446049250313081e-16
2.202486235331639844e-16
2.202486235331639844e-16
2.202486235331639844e-16
2.202486235331639844e-16
2.202486235331639844e-16
2.202486235331639844e-16
2.202486235331639844e-16
2.202486235331639844e-16
2.220446049250313081e-16
2.220446049250313081e-16
2.202486235331639844e-16
2.202486235331639844e-16
2.202486235331639844e-16
2.202486235331639844e-16
2.202486235331639844e-16
2.202486235331639844e-16
2.202486235331639844e-16
2.202486235331639844e-16
2.220446049250313081e-16
1.000000000000000000e+01
1.000000000000000000e+01
1.000000000000000000e+01
1.000000000000000000e+01
1.000000000000000000e+01
1.000000000000000000e+01
1.000000000000000000e+01
1.000000000000000000e+01
1.000000000000000000e+01
1.000000000000000000e+01
2.000000000000000000e+01
2.000000000000000000e+01
2.000000000000000000e+01
2.000000000000000000e+01
2.000000000000000000e+01
2.000000000000000000e+01
2.000000000000000000e+01
2.000000000000000000e+01
2.000000000000000000e+01
2.000000000000000000e+01
2.220446049250313081e-16
-1.376800255623053743e-16
-1.376800255623053743e-16
-1.376800255623053743e-16
-1.376800255623053743e-16
-1.376800255623053743e-16
-1.376800255623053743e-16
-1.376800255623053743e-16
-1.376800255623053743e-16
2.220446049250313081e-16
2.220446049250313081e-16
2.220322344162453438e-16
2.220322344162453438e-16
2.220322344162453438e-16
2.220322344162453438e-16
2.220322344162453438e-16
2.220322344162453438e-16
2.220322344162453438e-16
2.220322344162453438e-16
2.220446049250313081e-16
2.220446049250313081e-16
2.220322344162453438e-16
2.220322344162453438e-16
2.220322344162453438e-16
2.220322344162453438e-16
2.220322344162453438e-16
2.220322344162453438e-16
2.220322344162453438e-16
2.220322344162453438e-16
2.220446049250313081e-16
2.220446049250313081e-16
2.220322344162453438e-16
2.220322344162453438e-16
2.220322344162453438e-16
2.220322344162453438e-16
2.220322344162453438e-16
2.220322344162453438e-16
2.220322344162453438e-16
2.220322344162453438e-16
2.220446049250313081e-16
2.220446049250313081e-16
2.220322344162453438e-16
2.220322344162453438e-16
2.220322344162453438e-16
2.220322344162453438e-16
2.220322344162453438e-16
2.220322344162453438e-16
2.220322344162453438e-16
2.220322344162453438e-16
2.220446049250313081e-16
2.220446049250313081e-16
2.220322344162453438e-16
2.220322344162453438e-16
2.220322344162453438e-16
2.220322344162453438e-16
2.220322344162453438e-16
2.220322344162453438e-16
2.220322344162453438e-16
2.220322344162453438e-16
2.220446049250313081e-16
2.220446049250313081e-16
2.220322344162453438e-16
2.220322344162453438e-16
2.220322344162453438e-16
2.220322344162453438e-16
2.220322344162453438e-16
2.220322344162453438e-16
2.220322344162453438e-16
2.220322344162453438e-16
2.220446049250313081e-16
2.220446049250313081e-16
2.220322344162453438e-16
2.220322344162453438e-16
2.220322344162453438e-16
2.220322344162453438e-16
2.220322344162453438e-16
2.220322344162453438e-16
2.220322344162453438e-16
2.220322344162453438e-16
2.220446049250313081e-16
1.000000000000000000e+01
1.000000000000000000e+01
1.000000000000000000e+01
1.000000000000000000e+01
1.000000000000000000e+01
1.000000000000000000e+01
1.000000000000000000e+01
1.000000000000000000e+01
1.000000000000000000e+01
1.000000000000000000e+01
0.000000000000000000e+00
0.000000000000000000e+00
0.000000000000000000e+00
0.000000000000000000e+00
0.000000000000000000e+00
0.000000000000000000e+00
0.000000000000000000e+00
0.000000000000000000e+00
0.000000000000000000e+00
0.000000000000000000e+00
0.000000000000000000e+00
-3.579367945997163864e-16
-3.579367945997163864e-16
-3.579367945997163864e-16
-3.579367945997163864e-16
-3.579367945997163864e-16
-3.579367945997163864e-16
-3.579367945997163864e-16
-3.579367945997163864e-16
0.000000000000000000e+00
0.000000000000000000e+00
1.775465378834391379e-18
1.775465378834391379e-18
1.775465378834391379e-18
1.775465378834391379e-18
1.775465378834391379e-18
1.775465378834391379e-18
1.775465378834391379e-18
1.775465378834391379e-18
0.000000000000000000e+00
0.000000000000000000e+00
1.775465378834391379e-18
1.775465378834391379e-18
1.775465378834391379e-18
1.775465378834391379e-18
1.775465378834391379e-18
1.775465378834391379e-18
1.775465378834391379e-18
1.775465378834391379e-18
0.000000000000000000e+00
0.000000000000000000e+00
1.775465378834391379e-18
1.775465378834391379e-18
1.775465378834391379e-18
1.775465378834391379e-18
1.775465378834391379e-18
1.775465378834391379e-18
1.775465378834391379e-18
1.775465378834391379e-18
0.000000000000000000e+00
0.000000000000000000e+00
1.775465378834391379e-18
1.775465378834391379e-18
1.775465378834391379e-18
1.775465378834391379e-18
1.775465378834391379e-18
1.775465378834391379e-18
1.775465378834391379e-18
1.775465378834391379e-18
0.000000000000000000e+00
0.000000000000000000e+00
1.775465378834391379e-18
1.775465378834391379e-18
1.775465378834391379e-18
1.775465378834391379e-18
1.775465378834391379e-18
1.775465378834391379e-18
1.775465378834391379e-18
1.775465378834391379e-18
0.000000000000000000e+00
0.000000000000000000e+00
1.775465378834391379e-18
1.775465378834391379e-18
1.775465378834391379e-18
1.775465378834391379e-18
1.775465378834391379e-18
1.775465378834391379e-18
1.775465378834391379e-18
1.775465378834391379e-18
0.000000000000000000e+00
0.000000000000000000e+00
1.775465378834391379e-18
1.775465378834391379e-18
1.775465378834391379e-18
1.775465378834391379e-18
1.775465378834391379e-18
1.775465378834391379e-18
1.775465378834391379e-18
1.775465378834391379e-18
0.000000000000000000e+00
0.000000000000000000e+00
0.000000000000000000e+00
0.000000000000000000e+00
0.000000000000000000e+00
0.000000000000000000e+00
0.000000000000000000e+00
0.000000000000000000e+00
0.000000000000000000e+00
0.000000000000000000e+00
0.000000000000000000e+00
