0.000000000000000000e+00
0.000000000000000000e+00
0.000000000000000000e+00
0.000000000000000000e+00
0.000000000000000000e+00
0.000000000000000000e+00
0.000000000000000000e+00
0.000000000000000000e+00
0.000000000000000000e+00
0.000000000000000000e+00
0.000000000000000000e+00
3.956834859764059551e-15
3.956834859764059551e-15
3.956834859764059551e-15
3.956834859764059551e-15
3.956834859764059551e-15
3.956834859764059551e-15
3.956834859764059551e-15
3.956834859764059551e-15
0.000000000000000000e+00
0.000000000000000000e+00
3.597122599785507822e-15
3.597122599785507822e-15
3.597122599785507822e-15
3.597122599785507822e-15
3.597122599785507822e-15
3.597122599785507822e-15
3.597122599785507822e-15
3.597122599785507822e-15
0.000000000000000000e+00
0.000000000000000000e+00
3.597122599785507822e-15
3.597122599785507822e-15
3.597122599785507822e-15
3.597122599785507822e-15
3.597122599785507822e-15
3.597122599785507822e-15
3.597122599785507822e-15
3.597122599785507822e-15
0.000000000000000000e+00
0.000000000000000000e+00
3.597122599785507822e-15
3.597122599785507822e-15
3.597122599785507822e-15
3.597122599785507822e-15
3.597122599785507822e-15
3.597122599785507822e-15
3.597122599785507822e-15
3.597122599785507822e-15
0.000000000000000000e+00
0.000000000000000000e+00
3.597122599785507822e-15
3.597122599785507822e-15
3.597122599785507822e-15
3.597122599785507822e-15
3.597122599785507822e-15
3.597122599785507822e-15
3.597122599785507822e-15
3.597122599785507822e-15
0.000000000000000000e+00
0.000000000000000000e+00
3.597122599785507822e-15
3.597122599785507822e-15
3.597122599785507822e-15
3.597122599785507822e-15
3.597122599785507822e-15
3.597122599785507822e-15
3.597122599785507822e-15
3.597122599785507822e-15
0.000000000000000000e+00
0.000000000000000000e+00
3.597122599785507822e-15
3.597122599785507822e-15
3.597122599785507822e-15
3.597122599785507822e-15
3.597122599785507822e-15
3.597122599785507822e-15
3.597122599785507822e-15
3.597122599785507822e-15
0.000000000000000000e+00
0.000000000000000000e+00
3.597122599785507822e-15
3.597122599785507822e-15
3.597122599785507822e-15
3.597122599785507822e-15
3.597122599785507822e-15
3.597122599785507822e-15
3.597122599785507822e-15
3.597122599785507822e-15
0.000000000000000000e+00
0.000000000000000000e+00
0.000000000000000000e+00
0.000000000000000000e+00
0.000000000000000000e+00
0.000000000000000000e+00
0.000000000000000000e+00
0.000000000000000000e+00
0.000000000000000000e+00
0.000000000000000000e+00
0.000000000000000000e+00
2.000000000000000000e+01
2.000000000000000000e+01
2.000000000000000000e+01
2.000000000000000000e+01
2.000000000000000000e+01
2.000000000000000000e+01
2.000000000000000000e+01
2.000000000000000000e+01
2.000000000000000000e+01
2.000000000000000000e+01
2.220446049250313081e-16
7.355822918842522688e+167
7.758147235508835153e+167
7.747145946625033515e+167
7.747065060270307052e+167
7.747065056885703915e+167
7.746985769243314885e+167
7.758164565525398428e+167
8.137939781634731742e+167
2.220446049250313081e-16
2.220446049250313081e-16
-1.031788303167574575e+168
-1.076351996873580932e+168
-1.075187723273464515e+168
-1.075174913860158487e+168
-1.075174913507358208e+168
-1.075162384742609631e+168
-1.076353996093402180e+168
-1.118509785528722647e+168
2.220446049250313081e-16
2.220446049250313081e-16
-7.883596430521033643e+167
-7.781747937014481600e+167
-7.785039646053867389e+167
-7.785136159564388780e+167
-7.785136159334445922e+167
-7.785230202803066422e+167
-7.781743427241928623e+167
-7.686297922478623091e+167
2.220446049250313081e-16
2.220446049250313081e-16
-8.650497296693911083e+167
-8.678969512322752301e+167
-8.678025785055166888e+167
-8.677987696417607346e+167
-8.677987698469845185e+167
-8.677950923365984854e+167
-8.678970779269623419e+167
-8.705060369849676467e+167
2.220446049250313081e-16
2.220446049250313081e-16
-8.656890787097440311e+167
-8.653742478826203209e+167
-8.653820890915295889e+167
-8.653830260323270598e+167
-8.653830259674242610e+167
-8.653839194008743488e+167
-8.653742327696969384e+167
-8.650351605167145616e+167
2.220446049250313081e-16
2.220446049250313081e-16
-7.868868052261145146e+167
-7.869538049319350861e+167
-7.869524177366276901e+167
-7.869522471174784903e+167
-7.869522471049053184e+167
-7.869520878160468354e+167
-7.869538070964579740e+167
-7.869796569352254225e+167
2.220446049250313081e-16
2.220446049250313081e-16
-1.023691797776333132e+168
-1.023712601928118733e+168
-1.023712637858990496e+168
-1.023712660040377922e+168
-1.023712660039269683e+168
-1.023712680707804070e+168
-1.023712601753602705e+168
-1.023684287618055518e+168
2.220446049250313081e-16
2.220446049250313081e-16
7.097591477116919724e+167
7.097753966493657952e+167
7.097754032432627813e+167
7.097754057565770132e+167
7.097754057543600112e+167
7.097754080076620709e+167
7.097753966333086882e+167
7.097584605803814938e+167
2.220446049250313081e-16
1.000000000000000000e+01
1.000000000000000000e+01
1.000000000000000000e+01
1.000000000000000000e+01
1.000000000000000000e+01
1.000000000000000000e+01
1.000000000000000000e+01
1.000000000000000000e+01
1.000000000000000000e+01
1.000000000000000000e+01
2.000000000000000000e+01
2.000000000000000000e+01
2.000000000000000000e+01
2.000000000000000000e+01
2.000000000000000000e+01
2.000000000000000000e+01
2.000000000000000000e+01
2.000000000000000000e+01
2.000000000000000000e+01
2.000000000000000000e+01
2.220446049250313081e-16
-2.579016624464934355e+168
-2.635555041640536707e+168
-2.634777362901369561e+168
-2.634770755157018148e+168
-2.634770754930723261e+168
-2.634764273787879932e+168
-2.635557593874234076e+168
-2.690399132210848635e+168
2.220446049250313081e-16
2.220446049250313081e-16
-1.915064322888073861e+168
-1.890770987949842084e+168
-1.891571473809468716e+168
-1.891581963961929113e+168
-1.891581964408008140e+168
-1.891592254625015314e+168
-1.890769924011710385e+168
-1.868009395078339994e+168
2.220446049250313081e-16
2.220446049250313081e-16
-2.292296477661485464e+168
-2.303730520357079087e+168
-2.303368009921439531e+168
-2.303360176591014243e+168
-2.303360176137454917e+168
-2.303352530011022574e+168
-2.303731030071422248e+168
-2.314314120093683637e+168
2.220446049250313081e-16
2.220446049250313081e-16
-2.257986190073876157e+168
-2.256257443132058020e+168
-2.256308561607709142e+168
-2.256311645467716205e+168
-2.256311645700411226e+168
-2.256314619657665429e+168
-2.256257363592256608e+168
-2.254529369303874043e+168
2.220446049250313081e-16
2.220446049250313081e-16
-2.257329527560797494e+168
-2.257723317845452553e+168
-2.257712390391005104e+168
-2.257711610658263571e+168
-2.257711610636330492e+168
-2.257710869390862097e+168
-2.257723333123349690e+168
-2.257986028462820955e+168
2.220446049250313081e-16
2.220446049250313081e-16
-2.292612898048427997e+168
-2.292635148656660154e+168
-2.292635694941137991e+168
-2.292635829373862190e+168
-2.292635829346696714e+168
-2.292635956070972972e+168
-2.292635147184534798e+168
-2.292549399983458335e+168
2.220446049250313081e-16
2.220446049250313081e-16
-1.918309654617392603e+168
-1.918359099294495154e+168
-1.918359011125231631e+168
-1.918358992191800830e+168
-1.918358992195048452e+168
-1.918358974864863407e+168
-1.918359099460636330e+168
-1.918316772010645761e+168
2.220446049250313081e-16
2.220446049250313081e-16
-2.551532395703506125e+168
-2.551592873117520692e+168
-2.551592873983072627e+168
-2.551592875920583414e+168
-2.551592875921722240e+168
-2.551592877706437649e+168
-2.551592873106084251e+168
-2.551531904248429490e+168
2.220446049250313081e-16
1.000000000000000000e+01
1.000000000000000000e+01
1.000000000000000000e+01
1.000000000000000000e+01
1.000000000000000000e+01
1.000000000000000000e+01
1.000000000000000000e+01
1.000000000000000000e+01
1.000000000000000000e+01
1.000000000000000000e+01
2.000000000000000000e+01
2.000000000000000000e+01
2.000000000000000000e+01
2.000000000000000000e+01
2.000000000000000000e+01
2.000000000000000000e+01
2.000000000000000000e+01
2.000000000000000000e+01
2.000000000000000000e+01
2.000000000000000000e+01
2.220446049250313081e-16
3.913951477945952721e+167
4.128023783462902854e+167
4.122170120018639651e+167
4.122127081288002466e+167
4.122127079487087702e+167
4.122084891413502707e+167
4.128033004572501265e+167
4.330107184503849705e+167
2.220446049250313081e-16
2.220446049250313081e-16
-5.490030930997651175e+167
-5.727149395551105346e+167
-5.720954425248230411e+167
-5.720886267783371969e+167
-5.720886265906160493e+167
-5.720819601741065970e+167
-5.727160033177740414e+167
-5.951466306970634716e+167
2.220446049250313081e-16
2.220446049250313081e-16
-4.194774135520838148e+167
-4.140581682620097054e+167
-4.142333164362195049e+167
-4.142384518128703848e+167
-4.142384518006354982e+167
-4.142434557491031933e+167
-4.140579283020172032e+167
-4.089793789156033387e+167
2.220446049250313081e-16
2.220446049250313081e-16
-4.602833549626490995e+167
-4.617983299319998412e+167
-4.617481152549871297e+167
-4.617460886009058030e+167
-4.617460887101031283e+167
-4.617441319476890687e+167
-4.617983973448353492e+167
-4.631865954871029332e+167
2.220446049250313081e-16
2.220446049250313081e-16
-4.606235456397309183e+167
-4.604560276515006976e+167
-4.604601998712091432e+167
-4.604606984069951833e+167
-4.604606983724612267e+167
-4.604611737584712241e+167
-4.604560196100817884e+167
-4.602756030274159638e+167
2.220446049250313081e-16
2.220446049250313081e-16
-4.186937319684227842e+167
-4.187293817677869188e+167
-4.187286436566506800e+167
-4.187285528720975896e+167
-4.187285528654078790e+167
-4.187284681095763751e+167
-4.187293829195053121e+167
-4.187431373317310204e+167
2.220446049250313081e-16
2.220446049250313081e-16
-5.446950345391508669e+167
-5.447061041971846403e+167
-5.447061233155920736e+167
-5.447061351180620009e+167
-5.447061351174723716e+167
-5.447061461149699828e+167
-5.447061041043267716e+167
-5.446910384672839900e+167
2.220446049250313081e-16
2.220446049250313081e-16
3.776549448130297375e+167
3.776635906919692984e+167
3.776635942005079796e+167
3.776635955378146315e+167
3.776635955366350063e+167
3.776635967355919351e+167
3.776635906834261156e+167
3.776545791980880762e+167
2.220446049250313081e-16
1.000000000000000000e+01
1.000000000000000000e+01
1.000000000000000000e+01
1.000000000000000000e+01
1.000000000000000000e+01
1.000000000000000000e+01
1.000000000000000000e+01
1.000000000000000000e+01
1.000000000000000000e+01
1.000000000000000000e+01
2.000000000000000000e+01
2.000000000000000000e+01
2.000000000000000000e+01
2.000000000000000000e+01
2.000000000000000000e+01
2.000000000000000000e+01
2.000000000000000000e+01
2.000000000000000000e+01
2.000000000000000000e+01
2.000000000000000000e+01
2.220446049250313081e-16
-5.846156003398998819e+167
-5.974318195792990224e+167
-5.972555341309052135e+167
-5.972540362768382705e+167
-5.972540362255411496e+167
-5.972525670697074030e+167
-5.974323981237359924e+167
-6.098639661785146479e+167
2.220446049250313081e-16
2.220446049250313081e-16
-4.341098463181870372e+167
-4.286029938499982094e+167
-4.287844492515865351e+167
-4.287868271761416110e+167
-4.287868272772601036e+167
-4.287891598801282553e+167
-4.286027526747787702e+167
-4.234433590965829344e+167
2.220446049250313081e-16
2.220446049250313081e-16
-5.196214281866238081e+167
-5.222133153443498629e+167
-5.221311409071661233e+167
-5.221293652352914706e+167
-5.221293651324775712e+167
-5.221276318963019232e+167
-5.222134308872163321e+167
-5.246124227484438429e+167
2.220446049250313081e-16
2.220446049250313081e-16
-5.118439187705078300e+167
-5.114520436223164641e+167
-5.114636312380952778e+167
-5.114643302924095725e+167
-5.114643303451574601e+167
-5.114650044865451389e+167
-5.114520255921061009e+167
-5.110603210526406212e+167
2.220446049250313081e-16
2.220446049250313081e-16
-5.116950652315374694e+167
-5.117843302452584386e+167
-5.117818531929046896e+167
-5.117816764418409714e+167
-5.117816764368692934e+167
-5.117815084101612372e+167
-5.117843337084766864e+167
-5.118438819114828678e+167
2.220446049250313081e-16
2.220446049250313081e-16
-5.196931555327155423e+167
-5.196981993356443695e+167
-5.196983231682067364e+167
-5.196983536416301413e+167
-5.196983536354721865e+167
-5.196983823615326598e+167
-5.196981990019405804e+167
-5.196787616887278177e+167
2.220446049250313081e-16
2.220446049250313081e-16
-4.348455000083109071e+167
-4.348567082067958980e+167
-4.348566882204573250e+167
-4.348566839285954857e+167
-4.348566839293326532e+167
-4.348566800008985610e+167
-4.348567082444581162e+167
-4.348471133904682865e+167
2.220446049250313081e-16
2.220446049250313081e-16
-5.783854349741943114e+167
-5.783991440909075459e+167
-5.783991442871124839e+167
-5.783991447263093248e+167
-5.783991447265681584e+167
-5.783991451311313744e+167
-5.783991440883148110e+167
-5.783853235703623540e+167
2.220446049250313081e-16
1.000000000000000000e+01
1.000000000000000000e+01
1.000000000000000000e+01
1.000000000000000000e+01
1.000000000000000000e+01
1.000000000000000000e+01
1.000000000000000000e+01
1.000000000000000000e+01
1.000000000000000000e+01
1.000000000000000000e+01
2.000000000000000000e+01
2.000000000000000000e+01
2.000000000000000000e+01
2.000000000000000000e+01
2.000000000000000000e+01
2.000000000000000000e+01
2.000000000000000000e+01
2.000000000000000000e+01
2.000000000000000000e+01
2.000000000000000000e+01
2.220446049250313081e-16
-1.359301262713361052e+167
-1.433647784438417925e+167
-1.431614828329949644e+167
-1.431599881135963157e+167
-1.431599880510511700e+167
-1.431585228746624899e+167
-1.433650986895693596e+167
-1.503830603069780537e+167
2.220446049250313081e-16
2.220446049250313081e-16
1.906667683521554488e+167
1.989018058306042058e+167
1.986866567540516509e+167
1.986842896701713058e+167
1.986842896049763373e+167
1.986819743828541529e+167
1.989021752714818243e+167
2.066922500031488558e+167
2.220446049250313081e-16
2.220446049250313081e-16
1.456829656773849951e+167
1.438008817143846234e+167
1.438617100436152870e+167
1.438634935411863848e+167
1.438634935369372095e+167
1.438652313899778137e+167
1.438007983771627808e+167
1.420370368735679066e+167
2.220446049250313081e-16
2.220446049250313081e-16
1.598547220773542484e+167
1.603808673392238278e+167
1.603634279623866327e+167
1.603627241128197970e+167
1.603627241507436769e+167
1.603620445742991248e+167
1.603808907514548041e+167
1.608630068787115513e+167
2.220446049250313081e-16
2.220446049250313081e-16
1.599728688654613411e+167
1.599146904836912414e+167
1.599161394808886197e+167
1.599163126205495828e+167
1.599163126085556177e+167
1.599164777083830924e+167
1.599146876909360070e+167
1.598520296757399845e+167
2.220446049250313081e-16
2.220446049250313081e-16
1.454107970791228180e+167
1.454231781238773448e+167
1.454229217804841676e+167
1.454228902513392365e+167
1.454228902490158363e+167
1.454228608136250522e+167
1.454231785238651988e+167
1.454279553807248431e+167
2.220446049250313081e-16
2.220446049250313081e-16
1.891705928922648285e+167
1.891744373440557607e+167
1.891744439838207530e+167
1.891744480827753203e+167
1.891744480825702751e+167
1.891744519019616246e+167
1.891744373118068664e+167
1.891692050712092229e+167
2.220446049250313081e-16
2.220446049250313081e-16
-1.311581976713572120e+167
-1.311612003538577311e+167
-1.311612015723620655e+167
-1.311612020368035304e+167
-1.311612020363940947e+167
-1.311612024527873182e+167
-1.311612003508911227e+167
-1.311580706946294232e+167
2.220446049250313081e-16
1.000000000000000000e+01
1.000000000000000000e+01
1.000000000000000000e+01
1.000000000000000000e+01
1.000000000000000000e+01
1.000000000000000000e+01
1.000000000000000000e+01
1.000000000000000000e+01
1.000000000000000000e+01
1.000000000000000000e+01
2.000000000000000000e+01
2.000000000000000000e+01
2.000000000000000000e+01
2.000000000000000000e+01
2.000000000000000000e+01
2.000000000000000000e+01
2.000000000000000000e+01
2.000000000000000000e+01
2.000000000000000000e+01
2.000000000000000000e+01
2.220446049250313081e-16
1.683333553025716456e+168
1.720236383763654879e+168
1.719728790012240292e+168
1.719724477113428421e+168
1.719724476965725705e+168
1.719720246700181032e+168
1.720238049615880256e+168
1.756033321343015069e+168
2.220446049250313081e-16
2.220446049250313081e-16
1.249969460385262960e+168
1.234113112331488507e+168
1.234635592374062280e+168
1.234642439334789265e+168
1.234642439625947356e+168
1.234649156088073125e+168
1.234112417895202453e+168
1.219256537916425634e+168
2.220446049250313081e-16
2.220446049250313081e-16
1.496190264815769198e+168
1.503653306116800263e+168
1.503416694231358056e+168
1.503411581388050608e+168
1.503411581092010398e+168
1.503406590437432031e+168
1.503653638809207418e+168
1.510561260193232785e+168
2.220446049250313081e-16
2.220446049250313081e-16
1.473795814518895597e+168
1.472667455101416986e+168
1.472700820317541683e+168
1.472702833164205421e+168
1.472702833316086555e+168
1.472704774428824447e+168
1.472667403185500395e+168
1.471539535029227592e+168
2.220446049250313081e-16
2.220446049250313081e-16
1.473367208594867914e+168
1.473624236947652540e+168
1.473617104558121728e+168
1.473616595623720601e+168
1.473616595609405252e+168
1.473616111795787378e+168
1.473624246919592369e+168
1.473795709123537708e+168
2.220446049250313081e-16
2.220446049250313081e-16
1.496396793291961256e+168
1.496411316345239673e+168
1.496411672907139075e+168
1.496411760651868452e+168
1.496411760634137464e+168
1.496411843347533703e+168
1.496411315384378336e+168
1.496355347874008445e+168
2.220446049250313081e-16
2.220446049250313081e-16
1.252087701531978341e+168
1.252119974252881928e+168
1.252119916704479722e+168
1.252119904346559926e+168
1.252119904348680455e+168
1.252119893037205083e+168
1.252119974361325116e+168
1.252092347080458304e+168
2.220446049250313081e-16
2.220446049250313081e-16
1.665394495360169672e+168
1.665433969188744987e+168
1.665433969753695963e+168
1.665433971018315798e+168
1.665433971019057627e+168
1.665433972183949977e+168
1.665433969181279562e+168
1.665394174585653768e+168
2.220446049250313081e-16
1.000000000000000000e+01
1.000000000000000000e+01
1.000000000000000000e+01
1.000000000000000000e+01
1.000000000000000000e+01
1.000000000000000000e+01
1.000000000000000000e+01
1.000000000000000000e+01
1.000000000000000000e+01
1.000000000000000000e+01
2.000000000000000000e+01
2.000000000000000000e+01
2.000000000000000000e+01
2.000000000000000000e+01
2.000000000000000000e+01
2.000000000000000000e+01
2.000000000000000000e+01
2.000000000000000000e+01
2.000000000000000000e+01
2.000000000000000000e+01
2.220446049250313081e-16
-5.996521656129161112e+167
-6.324499451070415395e+167
-6.315531118295080991e+167
-6.315465179134347299e+167
-6.315465176375191167e+167
-6.315400540496688153e+167
-6.324513578629701952e+167
-6.634109178564951729e+167
2.220446049250313081e-16
2.220446049250313081e-16
8.411215348154188386e+167
8.774501910429771189e+167
8.765010665194128377e+167
8.764906241899872336e+167
8.764906239023821068e+167
8.764804103597556881e+167
8.774518208219208532e+167
9.118175355255735290e+167
2.220446049250313081e-16
2.220446049250313081e-16
6.426766773747186049e+167
6.343739119870635627e+167
6.346422545617713996e+167
6.346501224152525980e+167
6.346501223965075397e+167
6.346577888903291427e+167
6.343735443470304219e+167
6.265927553742945073e+167
2.220446049250313081e-16
2.220446049250313081e-16
7.051950075920368337e+167
7.075160838930518213e+167
7.074391505431302394e+167
7.074360455289410162e+167
7.074360456962411296e+167
7.074330477622992558e+167
7.075161871755074069e+167
7.096430301062559644e+167
2.220446049250313081e-16
2.220446049250313081e-16
7.057162098442832399e+167
7.054595573989291057e+167
7.054659496106410216e+167
7.054667134117775817e+167
7.054667133588683814e+167
7.054674416924910992e+167
7.054595450787608790e+167
7.051831308409741058e+167
2.220446049250313081e-16
2.220446049250313081e-16
6.414760081469917489e+167
6.415306268080578984e+167
6.415294959561436534e+167
6.415293568661389133e+167
6.415293568558894821e+167
6.415292270024218094e+167
6.415306285725927752e+167
6.415517015545005532e+167
2.220446049250313081e-16
2.220446049250313081e-16
8.345212048840685127e+167
8.345381645840632084e+167
8.345381938751697693e+167
8.345382119576024969e+167
8.345382119566995648e+167
8.345382288058424193e+167
8.345381644417964152e+167
8.345150825468464521e+167
2.220446049250313081e-16
2.220446049250313081e-16
-5.786009500403349961e+167
-5.786141962955076189e+167
-5.786142016709006111e+167
-5.786142037197732995e+167
-5.786142037179659689e+167
-5.786142055548748312e+167
-5.786141962824176179e+167
-5.786003898857517826e+167
2.220446049250313081e-16
1.000000000000000000e+01
1.000000000000000000e+01
1.000000000000000000e+01
1.000000000000000000e+01
1.000000000000000000e+01
1.000000000000000000e+01
1.000000000000000000e+01
1.000000000000000000e+01
1.000000000000000000e+01
1.000000000000000000e+01
2.000000000000000000e+01
2.000000000000000000e+01
2.000000000000000000e+01
2.000000000000000000e+01
2.000000000000000000e+01
2.000000000000000000e+01
2.000000000000000000e+01
2.000000000000000000e+01
2.000000000000000000e+01
2.000000000000000000e+01
2.220446049250313081e-16
3.163632224804833085e+168
3.232986861219835939e+168
3.232032897032273517e+168
3.232024791433855580e+168
3.232024791156264096e+168
3.232016840857587230e+168
3.232989991997970068e+168
3.300263098389363387e+168
2.220446049250313081e-16
2.220446049250313081e-16
2.349174169206261370e+168
2.319373981799840765e+168
2.320355923061054885e+168
2.320368791138070462e+168
2.320368791685267405e+168
2.320381414505143989e+168
2.319372676686489208e+168
2.291452754174922876e+168
2.220446049250313081e-16
2.220446049250313081e-16
2.811917905848110424e+168
2.825943835701428530e+168
2.825499150828606283e+168
2.825489541826305819e+168
2.825489541269932907e+168
2.825480161907324497e+168
2.825944460958638789e+168
2.838926542842127899e+168
2.220446049250313081e-16
2.220446049250313081e-16
2.769830108844384510e+168
2.767709486754375951e+168
2.767772192845805048e+168
2.767775975760126825e+168
2.767775976045569000e+168
2.767779624144210254e+168
2.767709389184361976e+168
2.765589690356514036e+168
2.220446049250313081e-16
2.220446049250313081e-16
2.769024592792335697e+168
2.769507648090710887e+168
2.769494243583910212e+168
2.769493287100104752e+168
2.769493287073198633e+168
2.769492377801023020e+168
2.769507666831825538e+168
2.769829910374304137e+168
2.220446049250313081e-16
2.220446049250313081e-16
2.812306053581144272e+168
2.812333347992304523e+168
2.812334018109344308e+168
2.812334183015492750e+168
2.812334182982168900e+168
2.812334338432506051e+168
2.812333346186475588e+168
2.812228161672186676e+168
2.220446049250313081e-16
2.220446049250313081e-16
2.353155154625703248e+168
2.353215807501292100e+168
2.353215699345688904e+168
2.353215676120396577e+168
2.353215676124381210e+168
2.353215654865762492e+168
2.353215807705093713e+168
2.353163885401115043e+168
2.220446049250313081e-16
2.220446049250313081e-16
3.129917830677701589e+168
3.129992017208427819e+168
3.129992018270183330e+168
3.129992020646892844e+168
3.129992020648291027e+168
3.129992022837569861e+168
3.129992017194400738e+168
3.129917227818791739e+168
2.220446049250313081e-16
1.000000000000000000e+01
1.000000000000000000e+01
1.000000000000000000e+01
1.000000000000000000e+01
1.000000000000000000e+01
1.000000000000000000e+01
1.000000000000000000e+01
1.000000000000000000e+01
1.000000000000000000e+01
1.000000000000000000e+01
0.000000000000000000e+00
0.000000000000000000e+00
0.000000000000000000e+00
0.000000000000000000e+00
0.000000000000000000e+00
0.000000000000000000e+00
0.000000000000000000e+00
0.000000000000000000e+00
0.000000000000000000e+00
0.000000000000000000e+00
0.000000000000000000e+00
-3.597122599785506935e-16
-3.597122599785506935e-16
-3.597122599785506935e-16
-3.597122599785506935e-16
-3.597122599785506935e-16
-3.597122599785506935e-16
-3.597122599785506935e-16
-3.597122599785506935e-16
0.000000000000000000e+00
0.000000000000000000e+00
0.000000000000000000e+00
0.000000000000000000e+00
0.000000000000000000e+00
0.000000000000000000e+00
0.000000000000000000e+00
0.000000000000000000e+00
0.000000000000000000e+00
0.000000000000000000e+00
0.000000000000000000e+00
0.000000000000000000e+00
0.000000000000000000e+00
0.000000000000000000e+00
0.000000000000000000e+00
0.000000000000000000e+00
0.000000000000000000e+00
0.000000000000000000e+00
0.000000000000000000e+00
0.000000000000000000e+00
0.000000000000000000e+00
0.000000000000000000e+00
0.000000000000000000e+00
0.000000000000000000e+00
0.000000000000000000e+00
0.000000000000000000e+00
0.000000000000000000e+00
0.000000000000000000e+00
0.000000000000000000e+00
0.000000000000000000e+00
0.000000000000000000e+00
0.000000000000000000e+00
0.000000000000000000e+00
0.000000000000000000e+00
0.000000000000000000e+00
0.000000000000000000e+00
0.000000000000000000e+00
0.000000000000000000e+00
0.000000000000000000e+00
0.000000000000000000e+00
0.000000000000000000e+00
0.000000000000000000e+00
0.000000000000000000e+00
0.000000000000000000e+00
0.000000000000000000e+00
0.000000000000000000e+00
0.000000000000000000e+00
0.000000000000000000e+00
0.000000000000000000e+00
0.000000000000000000e+00
0.000000000000000000e+00
0.000000000000000000e+00
0.000000000000000000e+00
0.000000000000000000e+00
0.000000000000000000e+00
0.000000000000000000e+00
0.000000000000000000e+00
0.000000000000000000e+00
0.000000000000000000e+00
0.000000000000000000e+00
0.000000000000000000e+00
0.000000000000000000e+00
0.000000000000000000e+00
0.000000000000000000e+00
0.000000000000000000e+00
0.000000000000000000e+00
0.000000000000000000e+00
0.000000000000000000e+00
0.000000000000000000e+00
0.000000000000000000e+00
0.000000000000000000e+00
0.000000000000000000e+00
0.000000000000000000e+00
0.000000000000000000e+00
0.000000000000000000e+00
0.000000000000000000e+00
0.000000000000000000e+00
0.000000000000000000e+00
0.000000000000000000e+00
0.000000000000000000e+00
0.000000000000000000e+00
