0.000000000000000000e+00
0.000000000000000000e+00
0.000000000000000000e+00
0.000000000000000000e+00
0.000000000000000000e+00
0.000000000000000000e+00
0.000000000000000000e+00
0.000000000000000000e+00
0.000000000000000000e+00
0.000000000000000000e+00
2.220446049250313081e-16
2.220446049250313081e-16
2.220446049250313081e-16
2.220446049250313081e-16
2.220446049250313081e-16
2.220446049250313081e-16
2.220446049250313081e-16
2.220446049250313081e-16
2.220446049250313081e-16
2.220446049250313081e-16
2.220446049250313081e-16
2.220446049250313081e-16
2.220446049250313081e-16
2.220446049250313081e-16
2.220446049250313081e-16
2.220446049250313081e-16
2.220446049250313081e-16
2.220446049250313081e-16
2.220446049250313081e-16
2.220446049250313081e-16
2.220446049250313081e-16
2.220446049250313081e-16
2.220446049250313081e-16
2.220446049250313081e-16
2.220446049250313081e-16
2.220446049250313081e-16
2.220446049250313081e-16
2.220446049250313081e-16
2.220446049250313081e-16
2.220446049250313081e-16
2.220446049250313081e-16
2.220446049250313081e-16
2.220446049250313081e-16
2.220446049250313081e-16
2.220446049250313081e-16
2.220446049250313081e-16
2.220446049250313081e-16
2.220446049250313081e-16
2.220446049250313081e-16
2.220446049250313081e-16
2.220446049250313081e-16
2.220446049250313081e-16
2.220446049250313081e-16
2.220446049250313081e-16
2.220446049250313081e-16
2.220446049250313081e-16
2.220446049250313081e-16
2.220446049250313081e-16
2.220446049250313081e-16
2.220446049250313081e-16
2.220446049250313081e-16
2.220446049250313081e-16
2.220446049250313081e-16
2.220446049250313081e-16
2.220446049250313081e-16
2.220446049250313081e-16
2.220446049250313081e-16
2.220446049250313081e-16
2.220446049250313081e-16
2.220446049250313081e-16
2.220446049250313081e-16
2.220446049250313081e-16
2.220446049250313081e-16
2.220446049250313081e-16
2.220446049250313081e-16
2.220446049250313081e-16
2.220446049250313081e-16
2.220446049250313081e-16
2.220446049250313081e-16
2.220446049250313081e-16
2.220446049250313081e-16
2.220446049250313081e-16
2.220446049250313081e-16
2.220446049250313081e-16
2.220446049250313081e-16
2.220446049250313081e-16
2.220446049250313081e-16
2.220446049250313081e-16
2.220446049250313081e-16
2.220446049250313081e-16
0.000000000000000000e+00
0.000000000000000000e+00
0.000000000000000000e+00
0.000000000000000000e+00
0.000000000000000000e+00
0.000000000000000000e+00
0.000000000000000000e+00
0.000000000000000000e+00
0.000000000000000000e+00
0.000000000000000000e+00
0.000000000000000000e+00
0.000000000000000000e+00
0.000000000000000000e+00
0.000000000000000000e+00
0.000000000000000000e+00
0.000000000000000000e+00
0.000000000000000000e+00
0.000000000000000000e+00
0.000000000000000000e+00
0.000000000000000000e+00
-1.683333553025714885e+167
-1.720236383763654670e+167
-3.639523698652378662e+165
5.119066502273409841e+163
4.313046513306461037e+161
4.230413246740007274e+161
-5.135726501546634302e+163
-3.631307464283452175e+165
1.720238049615880204e+167
1.756033321343015069e+167
-1.249969460385263484e+167
-1.234113112331488822e+167
1.533386801120145469e+165
-5.293270033002308210e+163
-6.847251884674461951e+161
-6.716753284631252663e+161
5.300217307445066116e+163
1.539261817164888179e+165
1.234112417895202244e+167
1.219256537916424849e+167
-1.496190264815770088e+167
-1.503653306116799058e+167
-7.226429415588588164e+164
2.417247287484772907e+163
5.113139347664656975e+161
4.990950618463896639e+161
-2.420577171967516964e+163
-7.154669755801787954e+164
1.503653638809207628e+167
1.510561260193233728e+167
-1.473795814518895859e+167
-1.472667455101418243e+167
1.094994201353791804e+164
-3.537806278778625220e+162
-2.012998545001365493e+161
-1.941264617700736419e+161
3.543013058749172363e+162
1.165239399596767528e+164
1.472667403185499504e+167
1.471539535029227173e+167
-1.473367208594868804e+167
-1.473624236947652592e+167
-2.498959632534001662e+163
7.641323932272489681e+161
5.089487176853352055e+160
4.838279338979834066e+160
-7.651310187062490546e+161
-1.795973277522278561e+163
1.473624246919591374e+167
1.473795709123538808e+167
-1.496396793291961727e+167
-1.496411316345239988e+167
-1.487961517682156579e+162
-4.443066288668331574e+160
-8.772699861474712502e+159
-8.269566523438867793e+159
4.452497592751893784e+160
5.649547352558010514e+162
1.496411315384378074e+167
1.496355347874008550e+167
-1.252087701531977713e+167
-1.252119974252883185e+167
-3.221517250148490772e+162
6.990632293695468632e+159
1.235579911589460201e+159
1.130935511302150448e+159
-7.001264376994021330e+159
2.754595674650847689e+162
1.252119974361324069e+167
1.252092347080458776e+167
-1.665394495360170719e+167
-1.665433969188745354e+167
-3.947439352371584260e+162
-1.829570349102146449e+158
-1.265364230113350027e+158
-1.165634356170474629e+158
1.837777513000758442e+158
3.979759829611637121e+162
1.665433969181280714e+167
1.665394174585653611e+167
0.000000000000000000e+00
0.000000000000000000e+00
0.000000000000000000e+00
0.000000000000000000e+00
0.000000000000000000e+00
0.000000000000000000e+00
0.000000000000000000e+00
0.000000000000000000e+00
0.000000000000000000e+00
0.000000000000000000e+00
0.000000000000000000e+00
0.000000000000000000e+00
0.000000000000000000e+00
0.000000000000000000e+00
0.000000000000000000e+00
0.000000000000000000e+00
0.000000000000000000e+00
0.000000000000000000e+00
0.000000000000000000e+00
0.000000000000000000e+00
7.355822918842521378e+166
7.758147235508835153e+166
3.913230277825106150e+165
-1.108217523852874973e+164
-8.088973932944501185e+161
-7.929102699224458496e+161
1.109950863969338181e+164
3.909540123914171350e+165
-7.758164565525397381e+166
-8.137939781634730957e+166
-1.031788303167574471e+167
-1.076351996873580801e+167
-4.339942010589008185e+165
1.177083013422657199e+164
1.280976610636905657e+162
1.252911754860936129e+162
-1.179082586043958089e+164
-4.334740078611294157e+165
1.076353996093402128e+167
1.118509785528722542e+167
-7.883596430521032857e+166
-7.781747937014481861e+166
9.855678446716694554e+164
-3.388222549906431510e+163
-9.651328057935274115e+161
-9.404323867892967552e+161
3.392732092517498280e+163
9.893228032444362968e+164
7.781743427241928623e+166
7.686297922478622043e+166
-8.650497296693909250e+166
-8.678969512322751515e+166
-2.752848836125656174e+164
9.818159051441267178e+162
3.808658532252266034e+161
3.677305162385065753e+161
-9.830807997774260797e+162
-2.710944648369300884e+164
8.678970779269620276e+166
8.705060369849676990e+166
-8.656890787097438740e+166
-8.653742478826201900e+166
3.069896182144004833e+163
-8.778149706763055543e+161
-9.368758947199497519e+160
-8.933685473471034393e+160
8.793197727373478156e+161
3.487588841598229018e+163
8.653742327696968075e+166
8.650351605167144307e+166
-7.868868052261145146e+166
-7.869538049319351385e+166
-6.561251051310205917e+162
1.557814456736555549e+161
1.706317224503713962e+160
1.593014315491261543e+160
-1.559991552775438426e+161
-2.756911917861014295e+162
7.869538070964578693e+166
7.869796569352254225e+166
-1.023691797776333184e+167
-1.023712601928118524e+167
-2.084008265727990556e+162
-5.811225917753270956e+159
-2.218027929823422632e+159
-2.066742607542864086e+159
5.828566704979559202e+159
2.839308974830746224e+162
1.023712601753602679e+167
1.023684287618055544e+167
7.097591477116918938e+166
7.097753966493655857e+166
1.625553157080711535e+162
9.107211287370573776e+158
2.511097244230444067e+158
2.251085123299166545e+158
-9.121051339463569305e+158
-1.694742728065590824e+162
-7.097753966333085573e+166
-7.097584605803814415e+166
0.000000000000000000e+00
0.000000000000000000e+00
0.000000000000000000e+00
0.000000000000000000e+00
0.000000000000000000e+00
0.000000000000000000e+00
0.000000000000000000e+00
0.000000000000000000e+00
0.000000000000000000e+00
0.000000000000000000e+00
0.000000000000000000e+00
0.000000000000000000e+00
0.000000000000000000e+00
0.000000000000000000e+00
0.000000000000000000e+00
0.000000000000000000e+00
0.000000000000000000e+00
0.000000000000000000e+00
0.000000000000000000e+00
0.000000000000000000e+00
-4.262350177490649449e+167
-4.355791425404191377e+167
-9.215597542295912735e+165
1.296193133746128554e+164
1.092101715987923851e+162
1.071178238466288371e+162
-1.300411593665270247e+164
-9.194793306580295929e+165
4.355795643490113808e+167
4.446432453553863809e+167
-3.165033783273337240e+167
-3.124884100281330696e+167
3.882671708980663973e+165
-1.340303015387247271e+164
-1.733785042400797833e+162
-1.700741637100315576e+162
1.342062127041900546e+164
3.897547771832428146e+165
3.124882341906912105e+167
3.087265932994764999e+167
-3.788486742477255290e+167
-3.807383826473878407e+167
-1.829796167554222558e+165
6.120684948141625205e+163
1.294692333203688050e+162
1.263753061004564372e+162
-6.129116511641352419e+163
-1.811625983846268315e+165
3.807384668880629771e+167
3.824875380286916946e+167
-3.731782004592771754e+167
-3.728924898233475530e+167
2.772622667521144014e+164
-8.958039844608401443e+162
-5.097091246903420800e+161
-4.915454567631801379e+161
8.971223874187851636e+162
2.950489753388935181e+164
3.728924766777755536e+167
3.726068904333100483e+167
-3.730696736155665722e+167
-3.731347554793104570e+167
-6.327587934609375202e+163
1.934851112048721321e+162
1.288703392565487507e+161
1.225095335567645064e+161
-1.937379720663791121e+162
-4.547563997104862637e+163
3.731347580042940907e+167
3.731781737586359396e+167
-3.789009691340389671e+167
-3.789046465001899827e+167
-3.767650788683831156e+162
-1.125023830939999319e+161
-2.221325573612038994e+160
-2.093927759102564193e+160
1.127411921069051999e+161
1.430515610396989117e+163
3.789046462568912715e+167
3.788904747857466990e+167
-3.170397356149370839e+167
-3.170479073547377920e+167
-8.157168034050463921e+162
1.770090167188793295e+160
3.128598204758119144e+159
2.863629277755755806e+159
-1.772782314573561403e+160
6.974881096390240698e+162
3.170479073821960399e+167
3.170409119091104275e+167
-4.216926891063676530e+167
-4.217026842306264841e+167
-9.995267308975267341e+162
-4.632633809121636616e+158
-3.204013650624890981e+158
-2.951488692145844279e+158
4.653415147361529207e+158
1.007710563050346312e+163
4.217026842287364545e+167
4.216926078834082734e+167
0.000000000000000000e+00
0.000000000000000000e+00
0.000000000000000000e+00
0.000000000000000000e+00
0.000000000000000000e+00
0.000000000000000000e+00
0.000000000000000000e+00
0.000000000000000000e+00
0.000000000000000000e+00
0.000000000000000000e+00
0.000000000000000000e+00
0.000000000000000000e+00
0.000000000000000000e+00
0.000000000000000000e+00
0.000000000000000000e+00
0.000000000000000000e+00
0.000000000000000000e+00
0.000000000000000000e+00
0.000000000000000000e+00
0.000000000000000000e+00
1.126977439678847541e+167
1.188617101897173801e+167
5.995416698551975450e+165
-1.697887741342959970e+164
-1.239302708810258511e+162
-1.214809014911760267e+162
1.700543372510670826e+164
5.989763054817635274e+165
-1.188619757009789865e+167
-1.246804696613857988e+167
-1.580791396267339536e+167
-1.649066936428691571e+167
-6.649176953094800869e+165
1.803395790196201448e+164
1.962570031341078385e+162
1.919572177912942699e+162
-1.806459313202031338e+164
-6.641207130906986531e+165
1.649069999411176117e+167
1.713656416225785856e+167
-1.207837056604187127e+167
-1.192232961963457708e+167
1.509977556258098442e+165
-5.191058058513136544e+163
-1.478669247397250459e+162
-1.440826010069880054e+162
5.197967078700817691e+163
1.515730486594424709e+165
1.192232271026209908e+167
1.177609171163465622e+167
-1.325333084632040365e+167
-1.329695281164274914e+167
-4.217609128463583415e+164
1.504229216084109516e+163
5.835203416195493554e+161
5.633958379088004343e+161
-1.506167147099048315e+163
-4.153408187783146286e+164
1.329695475271797377e+167
1.333692632472070685e+167
-1.326312624349475002e+167
-1.325830275534120704e+167
4.703353867361648243e+163
-1.344890520117388486e+162
-1.435377146790492288e+161
-1.368720023470143780e+161
1.347196010679265620e+162
5.343296152151493280e+163
1.325830252379778622e+167
1.325310763544130473e+167
-1.205580537194537142e+167
-1.205683186699722110e+167
-1.005241987410406171e+163
2.386710146101550878e+161
2.614229652410994027e+160
2.440639526981017874e+160
-2.390045650139290264e+161
-4.223834133322486930e+162
1.205683190015963234e+167
1.205722794266956338e+167
-1.568386832315483684e+167
-1.568418706125302902e+167
-3.192885909848469920e+162
-8.903313654753732282e+159
-3.398215956037835285e+159
-3.166433400848749639e+159
8.929881259968874374e+159
4.350073743427257636e+162
1.568418705857929477e+167
1.568375326085339456e+167
1.087414092524721579e+167
1.087438987341334937e+167
2.490491904906124303e+162
1.395305657687650296e+159
3.847224270208205764e+158
3.448862455836344901e+158
-1.397426027515720485e+159
-2.596496478453234177e+162
-1.087438987316734620e+167
-1.087413039778469439e+167
0.000000000000000000e+00
0.000000000000000000e+00
0.000000000000000000e+00
0.000000000000000000e+00
0.000000000000000000e+00
0.000000000000000000e+00
0.000000000000000000e+00
0.000000000000000000e+00
0.000000000000000000e+00
0.000000000000000000e+00
0.000000000000000000e+00
0.000000000000000000e+00
0.000000000000000000e+00
0.000000000000000000e+00
0.000000000000000000e+00
0.000000000000000000e+00
0.000000000000000000e+00
0.000000000000000000e+00
0.000000000000000000e+00
0.000000000000000000e+00
-4.846965777830548284e+167
-4.953223244983489980e+167
-1.047959092139645244e+166
1.473976436206964678e+164
1.241892252392735568e+162
1.218098951547805840e+162
-1.478773491860180586e+164
-1.045593321746101845e+166
4.953228041613849905e+167
5.056296419732378247e+167
-3.599143629591523701e+167
-3.553487094131328329e+167
4.415211415640715003e+165
-1.524136341530672931e+164
-1.971587609760974325e+162
-1.934012035764075920e+162
1.526136729523279273e+164
4.432127850186960073e+165
3.553485094581691032e+167
3.510709292091347567e+167
-4.308108170663879517e+167
-4.329597141818228374e+167
-2.080767439608449495e+165
6.960186038725521481e+163
1.472269802071643604e+162
1.437086959966879921e+162
-6.969774059030023350e+163
-2.060105069060461264e+165
4.329598099767846103e+167
4.349487803035360160e+167
-4.243625923363279374e+167
-4.240376941855792309e+167
3.152910199933705027e+164
-1.018670685391366284e+163
-5.796198309025359775e+161
-5.589648703071358861e+161
1.020169917931336943e+163
3.355173187293431423e+164
4.240376792369861847e+167
4.237129225385741104e+167
-4.242391801387202773e+167
-4.243131885038363218e+167
-7.195467548280028947e+163
2.200231453801956200e+162
1.465459427862241164e+161
1.393127015290719317e+161
-2.203106881397021882e+162
-5.171299010320808913e+163
4.243131913751417489e+167
4.243625619497841950e+167
-4.308702846873105318e+167
-4.308744664337543777e+167
-4.284414337796017889e+162
-1.279329816704770702e+161
-2.525998228893448421e+160
-2.381126784868659689e+160
1.282045452729406714e+161
1.626722338445798762e+163
4.308744661570853086e+167
4.308583509546194598e+167
-3.605242856157681275e+167
-3.605335781754174027e+167
-9.275989248691198501e+162
2.012872171466794499e+160
3.557710672068153726e+159
3.256398975231167069e+159
-2.015933569084756857e+160
7.931542139415068835e+162
3.605335782066418829e+167
3.605256232481572614e+167
-4.795312326037871680e+167
-4.795425986397173644e+167
-1.136619860080009243e+163
-5.268035577432818012e+158
-3.643469216897066089e+158
-3.356310735071534836e+158
5.291668501786756733e+158
1.145926170740714525e+163
4.795425986375680299e+167
4.795311402404444250e+167
0.000000000000000000e+00
0.000000000000000000e+00
0.000000000000000000e+00
0.000000000000000000e+00
0.000000000000000000e+00
0.000000000000000000e+00
0.000000000000000000e+00
0.000000000000000000e+00
0.000000000000000000e+00
0.000000000000000000e+00
0.000000000000000000e+00
0.000000000000000000e+00
0.000000000000000000e+00
0.000000000000000000e+00
0.000000000000000000e+00
0.000000000000000000e+00
0.000000000000000000e+00
0.000000000000000000e+00
0.000000000000000000e+00
0.000000000000000000e+00
9.910473134075113047e+166
1.045252323453332061e+167
5.272281042386091008e+165
-1.493097411097477288e+164
-1.089824514432625047e+162
-1.068285121527656277e+162
1.495432733992475934e+164
5.267309311586076599e+165
-1.045254658320220426e+167
-1.096421636306879829e+167
-1.390124627915183851e+167
-1.450165130598087392e+167
-5.847188112905177050e+165
1.585879629763285224e+164
1.725855123809094813e+162
1.688043446198987303e+162
-1.588573646696572954e+164
-5.840179568877514272e+165
1.450167824139694319e+167
1.506964166222637105e+167
-1.062154090926802079e+167
-1.048432080249073268e+167
1.327851992881128651e+165
-4.564939790495415828e+163
-1.300319915204932801e+162
-1.267041130927280317e+162
4.571015480956586909e+163
1.332911034953435839e+165
1.048431472649047232e+167
1.035572134289897584e+167
-1.165478362554685907e+167
-1.169314413825051008e+167
-3.708903243431191057e+164
1.322796952043838368e+163
5.131391773242720189e+161
4.954419858404959532e+161
-1.324501139987853889e+163
-3.652445883370728130e+164
1.169314584520342678e+167
1.172829625593358793e+167
-1.166339755484013399e+167
-1.165915585050429777e+167
4.136060021634441055e+163
-1.182676834281940520e+162
-1.262249479808886481e+161
-1.203632189952327295e+161
1.184704248720604654e+162
4.698815825720445034e+163
1.165915564688842563e+167
1.165458733868390489e+167
-1.060169740115414455e+167
-1.060260008575844608e+167
-8.839949737971244910e+162
2.098837608006298507e+161
2.298914969132140801e+160
2.146262385201043191e+160
-2.101770800769781897e+161
-3.714377423344160078e+162
1.060260011492097956e+167
1.060294838886231600e+167
-1.379216239423219013e+167
-1.379244268781247377e+167
-2.807776754256018070e+162
-7.829441695764552601e+159
-2.988341004828873764e+159
-2.784514771171311163e+159
7.852804917436116287e+159
3.825390668185112982e+162
1.379244268546122611e+167
1.379206121014130390e+167
9.562558948533643408e+166
9.562777869874772054e+166
2.190101804422393535e+162
1.227011074579296658e+159
3.383192246488851909e+158
3.032878696242084956e+158
-1.228875732947876104e+159
-2.283320662667058520e+162
-9.562777869658434978e+166
-9.562549690838400421e+166
0.000000000000000000e+00
0.000000000000000000e+00
0.000000000000000000e+00
0.000000000000000000e+00
0.000000000000000000e+00
0.000000000000000000e+00
0.000000000000000000e+00
0.000000000000000000e+00
0.000000000000000000e+00
0.000000000000000000e+00
0.000000000000000000e+00
0.000000000000000000e+00
0.000000000000000000e+00
0.000000000000000000e+00
0.000000000000000000e+00
0.000000000000000000e+00
0.000000000000000000e+00
0.000000000000000000e+00
0.000000000000000000e+00
0.000000000000000000e+00
-3.163632224804832875e+167
-3.232986861219835834e+167
-6.840067222744052096e+165
9.620697859807166360e+163
8.105876009309216314e+161
7.950576268082211710e+161
-9.652008417057356801e+163
-6.824625753177630928e+165
3.232989991997969440e+167
3.300263098389363178e+167
-2.349174169206261265e+167
-2.319373981799840293e+167
2.881824614520656688e+165
-9.948093382300050611e+163
-1.286862421249805669e+162
-1.262336707344673215e+162
9.961149987783354211e+163
2.892866033022181757e+165
2.319372676686488789e+167
2.291452754174922195e+167
-2.811917905848110214e+167
-2.825943835701428530e+167
-1.358124498049568993e+165
4.542938751229817879e+163
9.609558672833165760e+161
9.379918980986289265e+161
-4.549196887058133341e+163
-1.344638093480348141e+165
2.825944460958638999e+167
2.838926542842128004e+167
-2.769830108844384301e+167
-2.767709486754375113e+167
2.057915998579694443e+164
-6.648900575069453927e+162
-3.783199764023995031e+161
-3.648384083840332562e+161
6.658686120695365652e+162
2.189933787696227101e+164
2.767709389184361557e+167
2.765589690356513931e+167
-2.769024592792335278e+167
-2.769507648090710887e+167
-4.696507915741653919e+163
1.436099060618429793e+162
9.565107114885832221e+160
9.092990818299617067e+160
-1.437975862712634158e+162
-3.375325732813833133e+163
2.769507666831825329e+167
2.769829910374303927e+167
-2.812306053581143853e+167
-2.812333347992303790e+167
-2.796452820004554958e+162
-8.350231882751632156e+160
-1.648728244932105682e+160
-1.554170130338643930e+160
8.367956934542173361e+160
1.061767603192183914e+163
2.812333346186474750e+167
2.812228161672186572e+167
-2.353155154625702777e+167
-2.353215807501291890e+167
-6.054471998564569359e+162
1.313808953027890273e+160
2.322130738617407041e+159
2.125463463929016621e+159
-1.315807122640840520e+160
5.176946464742359516e+162
2.353215807705093189e+167
2.353163885401114624e+167
-3.129917830677701484e+167
-3.129992017208427504e+167
-7.418759248166173404e+162
-3.438465009717813792e+158
-2.378107391525148863e+158
-2.190676597513917734e+158
3.453890332947425220e+158
7.479501877795506531e+162
3.129992017194400109e+167
3.129917227818791425e+167
0.000000000000000000e+00
0.000000000000000000e+00
0.000000000000000000e+00
0.000000000000000000e+00
0.000000000000000000e+00
0.000000000000000000e+00
0.000000000000000000e+00
0.000000000000000000e+00
0.000000000000000000e+00
0.000000000000000000e+00
0.000000000000000000e+00
0.000000000000000000e+00
0.000000000000000000e+00
0.000000000000000000e+00
0.000000000000000000e+00
0.000000000000000000e+00
0.000000000000000000e+00
0.000000000000000000e+00
0.000000000000000000e+00
0.000000000000000000e+00
3.913951477945954030e+166
4.128023783462905473e+166
2.082186420726880348e+165
-5.896702174907409535e+163
-4.304053155322043658e+161
-4.218987449291960830e+161
5.905925085414968262e+163
2.080222930903430781e+165
-4.128033004572503883e+166
-4.330107184503848265e+166
-5.490030930997653270e+166
-5.727149395551102466e+166
-2.309234942505781637e+165
6.263127767734345390e+163
6.815934207369646736e+161
6.666604230410756554e+161
-6.273767271578547250e+163
-2.306467052295724699e+165
5.727160033177736617e+166
5.951466306970637073e+166
-4.194774135520835791e+166
-4.140581682620097185e+166
5.244097115864235648e+164
-1.802835508604519470e+163
-5.135364416091883553e+161
-5.003936232805833991e+161
1.805234986184958984e+163
5.264076833499772624e+164
4.140579283020169806e+166
4.089793789156032208e+166
-4.602833549626491780e+166
-4.617983299319994353e+166
-1.464760292337763827e+164
5.224133109377964354e+162
2.026544884107187998e+161
1.956653216593631688e+161
-5.230863473238083588e+162
-1.442463539414118781e+164
4.617983973448352183e+166
4.631865954871031820e+166
-4.606235456397303422e+166
-4.604560276515007107e+166
1.633457685212725013e+163
-4.670755494356176236e+161
-4.985012522345021398e+160
-4.753514763963060960e+160
4.678762379528485197e+161
1.855707310551078698e+163
4.604560196100817491e+166
4.602756030274163042e+166
-4.186937319684227580e+166
-4.187293817677869057e+166
-3.491168822788391488e+162
8.288956892010352263e+160
9.079124284538120757e+159
8.476252131293526755e+159
-8.300540974731586140e+160
-1.466922215466937743e+162
4.187293829195052335e+166
4.187431373317310466e+166
-5.446950345391506967e+166
-5.447061041971843130e+166
-1.108877644120479364e+162
-3.092087758861745664e+159
-1.180188037145055603e+159
-1.099690782375242604e+159
3.101314609642529920e+159
1.510764768574649982e+162
5.447061041043262085e+166
5.446910384672839114e+166
3.776549448130294887e+166
3.776635906919696781e+166
8.649387478582046145e+161
4.845845070893071166e+158
1.336126862018118673e+158
1.197777223230749105e+158
-4.853208990346851273e+158
-9.017537503712474305e+161
-3.776635906834259323e+166
-3.776545791980882595e+166
0.000000000000000000e+00
0.000000000000000000e+00
0.000000000000000000e+00
0.000000000000000000e+00
0.000000000000000000e+00
0.000000000000000000e+00
0.000000000000000000e+00
0.000000000000000000e+00
0.000000000000000000e+00
0.000000000000000000e+00
0.000000000000000000e+00
0.000000000000000000e+00
0.000000000000000000e+00
0.000000000000000000e+00
0.000000000000000000e+00
0.000000000000000000e+00
0.000000000000000000e+00
0.000000000000000000e+00
0.000000000000000000e+00
0.000000000000000000e+00
2.220446049250313081e-16
2.220446049250313081e-16
2.220446049250313081e-16
2.220446049250313081e-16
2.220446049250313081e-16
2.220446049250313081e-16
2.220446049250313081e-16
2.220446049250313081e-16
2.220446049250313081e-16
2.220446049250313081e-16
2.220446049250313081e-16
2.220446049250313081e-16
2.220446049250313081e-16
2.220446049250313081e-16
2.220446049250313081e-16
2.220446049250313081e-16
2.220446049250313081e-16
2.220446049250313081e-16
2.220446049250313081e-16
2.220446049250313081e-16
2.220446049250313081e-16
2.220446049250313081e-16
2.220446049250313081e-16
2.220446049250313081e-16
2.220446049250313081e-16
2.220446049250313081e-16
2.220446049250313081e-16
2.220446049250313081e-16
2.220446049250313081e-16
2.220446049250313081e-16
2.220446049250313081e-16
2.220446049250313081e-16
2.220446049250313081e-16
2.220446049250313081e-16
2.220446049250313081e-16
2.220446049250313081e-16
2.220446049250313081e-16
2.220446049250313081e-16
2.220446049250313081e-16
2.220446049250313081e-16
2.220446049250313081e-16
2.220446049250313081e-16
2.220446049250313081e-16
2.220446049250313081e-16
2.220446049250313081e-16
2.220446049250313081e-16
2.220446049250313081e-16
2.220446049250313081e-16
2.220446049250313081e-16
2.220446049250313081e-16
2.220446049250313081e-16
2.220446049250313081e-16
2.220446049250313081e-16
2.220446049250313081e-16
2.220446049250313081e-16
2.220446049250313081e-16
2.220446049250313081e-16
2.220446049250313081e-16
2.220446049250313081e-16
2.220446049250313081e-16
2.220446049250313081e-16
2.220446049250313081e-16
2.220446049250313081e-16
2.220446049250313081e-16
2.220446049250313081e-16
2.220446049250313081e-16
2.220446049250313081e-16
2.220446049250313081e-16
2.220446049250313081e-16
2.220446049250313081e-16
2.220446049250313081e-16
2.220446049250313081e-16
2.220446049250313081e-16
2.220446049250313081e-16
2.220446049250313081e-16
2.220446049250313081e-16
2.220446049250313081e-16
2.220446049250313081e-16
2.220446049250313081e-16
2.220446049250313081e-16
0.000000000000000000e+00
0.000000000000000000e+00
0.000000000000000000e+00
0.000000000000000000e+00
0.000000000000000000e+00
0.000000000000000000e+00
0.000000000000000000e+00
0.000000000000000000e+00
0.000000000000000000e+00
0.000000000000000000e+00
